Multiple size <= 100
TEST 1 ARG:89 8 17 55 60 0 70 67 96 93 73 98 97 78 80 86 91 15 36 24 65 19 87 66 79 39 16 33 35 69 3 4 95 58 90 13 72 74 61 85 46 68 56 62 42 76 84 23 41 83 88 2 38 49 43 37 7 32 75 18 9 44 63 11 45 30 92 40 50 59 6 29 26 94 47 27 25 71 5 57 51 20 31 77 52 1 53 48 34 99 14 21 28 54 82 12 81 10 22 64
TEST 2 ARG:11 35 89 64 3 29 53 86 4 51 59 8 0 31 66 91 40 42 83 41 14 95 61 33 45 68 58 15 52 13 56 74 16 43 77 60 62 82 67 48 63 26 78 6 21 54 38 75 28 79 72 17 5 7 92 32 88 22 97 90 2 23 24 46 55 50 71 70 10 99 20 69 93 84 94 37 34 18 87 9 57 76 98 25 47 1 36 96 49 85 19 27 44 12 80 39 81 65 73 30
TEST 3 ARG:92 14 97 83 15 49 73 35 16 52 65 23 61 18 12 59 56 45 57 67 72 10 0 78 89 50 85 74 5 11 34 55 93 66 36 38 81 9 54 24 26 84 28 95 1 30 70 87 71 2 53 94 6 29 96 77 19 25 8 7 17 48 13 33 76 64 42 68 90 22 47 99 43 51 62 39 91 37 40 31 75 20 86 82 21 88 60 3 58 98 27 63 44 79 4 46 41 32 80 69
TEST 4 ARG:3 78 47 95 84 76 2 31 32 40 99 22 72 14 7 81 87 75 82 83 46 70 97 66 43 53 21 34 62 10 4 25 23 1 80 94 44 88 69 93 86 26 9 65 59 17 52 12 6 48 51 36 45 41 13 98 38 20 28 24 57 11 15 49 60 91 42 67 30 90 58 71 63 96 56 39 29 68 55 92 8 73 16 5 64 54 18 61 79 35 27 37 74 89 0 19 33 50 85 77
TEST 5 ARG:65 62 23 15 81 52 12 98 17 96 94 69 80 99 25 38 75 24 16 84 93 46 8 66 95 68 53 79 18 1 5 36 63 48 74 43 58 42 90 19 77 11 13 28 87 60 91 86 45 49 10 73 33 50 35 31 14 0 83 59 39 27 9 85 34 2 20 92 76 78 89 54 41 32 47 37 7 88 72 67 57 70 71 22 30 82 26 4 44 64 29 55 56 51 3 97 61 21 6 40
TEST 6 ARG:55 26 39 83 17 51 57 30 80 77 75 53 52 10 99 37 43 25 33 60 0 21 40 32 31 78 54 9 93 3 49 5 65 13 64 67 16 41 61 44 76 96 46 84 23 90 73 29 56 19 14 35 20 4 47 2 68 45 34 92 69 79 70 38 1 85 87 74 97 12 27 66 81 86 58 28 11 48 88 6 89 98 63 18 72 42 95 94 15 71 24 7 50 36 82 8 91 59 62 22
TEST 7 ARG:57 10 83 92 49 15 72 76 20 66 36 3 13 63 1 37 67 25 96 87 50 75 27 69 90 84 33 56 95 9 2 71 0 59 94 64 41 55 65 14 60 54 35 81 39 7 79 51 29 18 82 68 40 6 48 12 26 22 53 70 23 73 11 8 97 98 61 34 31 44 32 19 24 99 58 85 45 38 91 86 43 74 30 78 42 46 47 5 80 88 62 17 28 16 4 21 93 52 89 77
TEST 8 ARG:22 71 7 11 27 12 64 57 59 33 74 72 68 48 18 97 26 56 67 15 13 94 25 46 30 14 20 53 75 81 44 5 28 88 83 50 31 65 52 34 70 86 58 55 2 38 45 79 4 10 80 62 90 23 37 78 21 77 85 76 98 63 42 66 54 29 99 73 93 39 6 8 69 84 24 32 47 92 36 43 61 89 41 3 9 40 16 87 96 82 17 51 19 1 49 95 35 0 91 60
TEST 9 ARG:81 17 74 82 25 77 60 47 9 66 51 65 89 32 8 50 19 58 79 24 4 99 52 78 36 92 86 67 29 64 76 44 73 45 85 97 38 27 61 41 26 1 43 80 75 55 56 30 90 98 49 23 40 46 48 84 14 16 5 7 37 87 22 83 88 12 53 62 6 94 20 33 95 35 57 96 0 15 11 21 31 3 18 54 69 34 42 72 13 91 10 71 59 68 93 28 2 39 63 70
TEST 10 ARG:41 22 68 90 6 77 36 76 94 64 44 28 8 34 74 4 79 5 16 96 59 50 67 48 23 27 14 80 81 72 53 26 30 42 7 98 3 17 31 52 24 20 75 2 32 19 56 92 57 62 91 73 58 95 37 11 60 65 63 12 82 47 9 49 69 83 29 33 46 88 35 40 18 89 45 70 39 54 86 66 51 1 0 85 78 87 84 13 38 55 99 43 61 10 25 15 93 71 21 97
TEST 11 ARG:53 47 50 48 10 46 24 98 29 45 12 44 71 99 16 21 68 7 20 13 5 36 55 65 77 9 61 62 54 90 0 88 43 39 78 96 97 86 34 57 89 63 51 37 15 59 11 1 28 56 32 76 33 19 49 66 22 87 14 58 72 26 18 81 73 94 35 31 6 4 40 74 67 25 84 64 38 30 27 41 82 52 23 60 42 17 2 95 91 79 75 92 83 70 8 69 80 3 85 93
TEST 12 ARG:41 92 23 99 28 6 86 50 17 20 0 29 22 73 31 7 94 56 3 1 44 4 14 26 43 85 12 30 61 81 52 8 34 76 84 71 93 38 18 91 69 19 55 59 2 98 25 63 10 42 96 68 80 90 36 89 58 49 75 33 79 13 65 62 60 24 9 39 88 57 11 5 51 32 16 45 47 77 87 72 70 21 67 54 95 35 53 27 82 78 40 64 66 48 83 37 97 46 74 15
TEST 13 ARG:59 43 91 46 41 73 10 11 25 36 44 29 28 24 19 30 52 71 38 77 65 0 72 12 15 90 31 55 64 42 83 14 84 56 18 68 60 86 89 23 48 1 75 85 92 62 76 57 47 61 98 81 80 87 39 40 45 7 54 99 50 74 9 79 6 3 5 96 93 88 51 53 33 63 8 20 16 94 66 70 97 34 82 69 37 58 2 95 17 26 22 13 49 4 35 21 27 32 78 67
TEST 14 ARG:14 29 68 75 23 10 62 73 83 85 11 21 48 12 77 45 67 84 56 41 97 64 27 35 53 66 26 90 76 63 58 38 79 96 55 6 87 31 59 7 24 46 0 72 9 82 30 43 60 51 80 36 88 47 17 61 50 89 40 2 74 78 15 18 22 5 25 57 98 1 8 93 86 49 4 20 81 71 39 44 34 99 16 54 28 92 65 42 70 94 32 19 52 13 95 3 33 37 91 69
TEST 15 ARG:25 42 77 48 88 9 4 55 45 10 82 28 74 65 26 99 3 72 97 75 57 19 52 50 11 61 95 22 36 89 85 94 79 32 8 63 67 59 80 98 15 1 40 81 84 29 73 64 27 44 47 56 12 13 39 33 17 93 31 16 51 58 71 70 60 35 21 76 53 91 87 7 46 34 49 2 54 62 5 14 24 18 23 69 43 96 86 37 6 38 30 68 92 66 0 41 83 78 20 90
TEST 16 ARG:6 68 61 78 88 93 22 8 14 73 84 13 12 21 69 59 40 71 81 11 92 62 19 66 28 16 33 57 31 7 65 82 56 34 18 53 29 30 74 9 80 44 26 23 25 96 37 83 51 72 85 49 70 3 63 77 98 95 32 1 97 48 90 24 42 35 94 43 87 45 55 36 91 15 54 38 89 58 0 20 67 52 5 27 10 47 64 41 76 99 39 50 75 17 86 2 4 46 60 79
TEST 17 ARG:31 46 15 62 8 26 90 74 83 97 20 88 89 14 94 34 76 10 0 27 18 23 37 65 39 70 64 87 61 68 47 80 95 79 17 86 19 99 71 12 55 66 16 1 78 30 44 56 53 93 41 13 51 91 5 29 11 69 81 54 32 49 40 45 7 28 60 48 58 52 35 33 82 4 73 9 36 84 42 92 25 85 43 75 38 21 63 57 3 72 59 24 22 96 98 50 67 2 77 6
TEST 18 ARG:8 11 20 13 90 3 56 4 49 92 53 29 41 74 98 1 63 23 47 96 14 22 93 62 76 33 27 88 34 40 97 61 52 94 5 73 30 65 28 31 85 86 64 78 91 17 84 54 43 38 59 82 12 24 87 35 15 10 83 42 26 7 37 72 95 25 2 66 44 19 77 71 89 67 58 50 46 69 80 70 21 16 36 81 9 68 45 60 75 99 51 48 55 39 79 57 0 18 6 32
TEST 19 ARG:17 7 31 33 64 24 13 87 61 23 50 68 41 11 55 80 25 99 90 46 4 86 0 43 18 9 44 95 63 82 73 89 72 28 59 20 77 40 98 52 37 54 42 56 51 74 48 8 27 65 67 96 22 14 16 15 57 19 62 97 26 49 21 94 3 2 78 58 69 47 29 70 10 38 30 88 39 84 91 34 1 92 5 60 75 81 85 93 71 35 83 32 12 6 45 66 36 53 79 76
TEST 20 ARG:26 17 65 36 27 1 56 80 96 35 19 62 23 3 34 43 71 63 41 67 10 21 40 24 42 7 79 73 25 29 64 81 87 94 48 11 69 37 0 68 72 58 93 91 20 31 95 70 59 75 52 39 89 32 86 28 83 18 22 30 53 61 82 54 4 76 66 47 6 15 98 60 46 49 88 5 51 74 8 78 45 2 84 12 9 99 97 77 92 85 33 13 16 14 50 44 55 38 90 57
TEST 21 ARG:1 24 51 90 46 19 85 45 63 98 93 9 8 80 39 99 97 87 20 0 68 40 52 4 53 67 6 82 94 76 74 71 32 56 22 36 95 47 49 41 48 10 18 96 28 43 50 21 64 91 44 42 65 17 57 77 83 75 26 38 78 12 62 27 23 66 30 15 54 33 92 5 14 3 37 86 16 79 84 81 7 2 72 69 34 73 11 35 25 89 61 59 58 88 31 70 29 60 55 13
TEST 22 ARG:9 93 35 1 50 75 98 47 67 11 4 14 81 61 22 18 99 31 52 3 88 53 5 34 33 49 65 43 82 59 44 73 28 84 38 71 16 87 58 78 77 27 42 92 54 26 72 46 7 2 79 63 19 56 25 90 24 0 74 51 15 48 30 23 57 86 41 13 32 60 76 10 29 95 6 64 36 97 8 69 62 39 40 94 17 83 89 91 96 37 70 85 68 66 20 21 80 12 45 55
TEST 23 ARG:4 75 9 36 89 74 40 12 63 50 92 47 94 54 52 78 6 84 86 77 29 2 61 28 87 34 62 80 13 81 58 51 26 59 38 19 21 55 72 67 17 66 96 83 95 97 5 41 25 82 53 64 91 98 48 60 76 46 18 3 37 10 14 27 93 57 23 79 73 22 65 32 8 15 70 71 69 68 88 43 16 1 56 85 44 0 49 45 20 90 30 35 24 99 33 7 31 11 39 42
TEST 24 ARG:22 53 38 13 5 51 8 16 44 78 87 54 96 64 14 67 25 34 91 63 59 7 46 75 49 90 48 37 61 21 89 74 18 35 27 6 83 85 60 80 24 95 30 81 12 43 32 57 42 31 68 10 66 69 11 15 33 73 2 86 26 99 70 79 50 82 77 23 76 28 65 20 0 72 52 4 29 92 97 88 36 71 3 41 19 94 98 47 1 56 9 40 55 45 58 93 39 17 84 62
TEST 25 ARG:45 63 54 27 15 65 74 24 67 91 93 50 84 70 64 88 13 34 57 0 79 20 8 66 72 69 39 75 38 47 62 32 7 12 46 81 26 4 18 86 1 87 95 21 77 96 55 22 68 99 94 82 51 33 23 17 92 19 98 43 59 56 30 9 14 76 90 28 52 3 83 11 10 85 71 73 80 41 89 40 58 44 42 61 16 5 2 49 48 97 31 53 35 60 6 25 36 29 78 37
TEST 26 ARG:48 81 63 16 5 88 46 14 33 72 18 97 85 50 42 61 31 11 43 26 62 13 27 98 51 25 53 58 2 32 90 57 69 64 68 56 8 74 84 35 20 99 37 10 71 52 60 19 87 9 24 47 39 92 76 79 23 1 55 34 77 75 21 3 7 38 40 49 66 65 36 17 28 89 54 67 96 29 30 41 59 83 86 45 4 91 22 94 15 78 44 6 12 93 95 82 80 70 73 0
TEST 27 ARG:36 47 48 13 7 54 26 77 80 46 6 81 4 85 61 17 56 28 37 19 73 32 0 1 16 8 49 94 69 42 40 62 55 84 41 10 5 74 31 43 53 39 93 98 44 70 29 71 33 63 88 96 9 89 21 79 52 14 90 76 2 25 24 92 38 50 78 11 86 66 91 34 75 30 57 95 64 97 15 67 82 22 20 83 59 65 45 58 60 12 3 68 27 87 18 23 99 51 35 72
TEST 28 ARG:29 78 84 67 83 97 68 43 19 28 95 56 33 79 0 15 9 52 88 23 75 59 96 91 6 14 64 89 66 7 85 50 70 92 3 76 20 10 60 86 41 45 11 46 2 94 35 55 47 38 18 36 8 77 22 1 25 90 61 44 58 4 57 71 93 72 73 54 17 31 65 81 39 40 42 98 12 69 99 21 27 26 51 74 30 37 63 87 13 24 16 32 53 49 5 34 82 62 80 48
TEST 29 ARG:23 82 97 12 39 34 6 61 48 8 53 69 60 44 58 49 85 93 95 62 14 55 56 45 16 1 68 3 79 20 81 5 88 32 83 11 50 25 99 89 64 80 63 41 66 92 78 75 98 28 13 94 90 43 29 19 27 24 9 4 57 10 70 17 67 65 71 54 15 73 74 76 21 87 42 86 35 40 2 30 33 72 37 91 84 51 52 18 47 0 46 96 59 7 38 31 77 26 22 36
TEST 30 ARG:76 84 83 80 7 57 46 62 75 18 42 52 36 33 19 66 30 43 93 2 28 92 63 32 98 61 77 96 81 0 67 3 54 34 24 45 90 21 60 10 25 4 89 41 29 40 56 74 65 86 55 78 26 88 58 11 85 16 8 17 31 73 38 12 23 37 64 1 5 68 27 69 20 71 51 72 6 59 9 99 87 49 50 15 13 44 22 79 14 94 47 48 39 97 91 70 53 35 95 82
TEST 31 ARG:51 98 65 2 8 74 5 97 82 62 45 22 16 24 64 30 69 50 55 39 57 75 40 84 78 43 18 36 56 70 7 19 85 23 59 54 86 90 95 93 63 88 41 94 42 49 25 79 1 68 38 20 26 91 89 66 60 27 96 3 72 73 9 87 37 48 31 0 71 29 77 17 21 80 10 4 81 83 32 58 76 52 12 14 53 15 34 11 61 33 44 67 46 47 35 6 13 92 28 99
TEST 32 ARG:83 86 47 48 13 55 87 93 5 80 77 81 23 12 53 39 94 35 88 2 9 0 33 63 34 11 44 61 42 1 59 75 92 99 19 26 43 41 14 50 72 4 20 21 76 52 73 16 29 98 27 71 30 18 95 56 32 90 74 78 82 10 25 36 57 38 49 8 79 37 58 15 65 70 84 67 64 3 24 46 22 66 54 6 68 51 28 7 62 17 91 45 60 31 89 85 96 97 40 69
TEST 33 ARG:54 74 28 98 68 69 11 95 34 4 10 73 44 12 26 22 48 51 40 63 72 50 31 46 42 97 64 25 56 43 33 71 79 85 8 29 17 55 82 3 15 84 58 47 6 94 78 36 13 89 41 88 86 2 0 9 5 14 45 57 87 38 49 61 35 27 32 76 96 59 60 62 52 53 21 7 92 77 66 99 90 65 91 16 93 81 24 80 37 23 39 18 30 83 20 1 75 19 67 70
TEST 34 ARG:31 77 40 91 64 94 23 42 71 16 44 57 3 13 46 85 56 98 70 76 75 95 14 96 29 22 0 7 61 66 84 65 19 4 28 67 54 36 93 80 88 74 12 52 26 72 32 10 90 17 86 97 47 5 63 99 58 38 68 20 62 51 78 18 21 41 34 33 82 49 8 39 11 53 60 89 87 55 35 1 30 9 48 73 79 24 45 50 59 27 83 69 81 2 25 92 15 37 43 6
TEST 35 ARG:81 0 9 4 45 12 29 41 49 89 91 64 44 47 98 63 67 54 80 58 38 61 32 69 7 23 11 83 19 25 48 95 59 52 96 37 57 1 60 33 85 28 35 21 43 82 66 73 65 20 90 70 39 26 78 18 8 24 74 5 71 68 53 50 14 92 84 72 17 31 79 56 34 36 3 2 42 99 22 75 86 46 88 15 77 76 27 16 6 30 93 94 62 10 55 40 51 97 13 87
TEST 36 ARG:77 75 93 81 59 95 52 74 33 72 39 85 14 83 26 47 99 76 45 42 70 55 12 78 68 19 20 23 67 54 79 21 27 34 17 90 64 16 11 69 32 29 62 94 4 30 18 35 65 15 43 38 5 86 82 41 89 9 66 8 57 0 88 98 28 96 37 10 6 40 51 36 58 25 7 44 49 3 63 61 22 92 73 60 48 46 53 71 56 31 24 91 84 50 13 97 2 1 80 87
TEST 37 ARG:29 82 26 89 60 13 27 63 18 90 71 12 86 96 57 2 67 17 70 5 78 94 59 40 35 42 97 32 36 85 75 64 46 37 7 16 43 8 91 44 19 15 21 56 72 74 50 53 65 22 62 83 69 66 11 1 52 99 28 25 48 77 93 20 84 14 9 58 49 61 23 79 51 45 68 54 81 31 92 47 3 33 95 88 87 73 55 24 34 10 0 6 98 30 80 38 39 41 76 4
TEST 38 ARG:89 8 29 47 72 10 27 11 50 4 87 88 83 57 22 21 66 18 90 33 48 93 97 31 70 35 0 71 69 99 13 85 25 49 42 9 52 80 56 77 96 30 73 65 6 60 37 86 68 1 36 62 91 24 76 61 34 79 14 26 81 44 63 17 41 84 38 53 7 94 51 45 59 32 98 28 82 15 55 95 43 58 40 75 16 64 12 19 54 46 2 3 39 78 20 92 5 23 67 74
TEST 39 ARG:75 62 27 29 56 44 52 92 87 46 5 0 88 53 41 86 66 59 9 99 42 16 6 76 48 20 84 57 68 67 58 18 35 94 8 65 78 25 45 82 95 79 61 90 55 15 49 24 83 30 93 31 97 50 80 12 69 33 39 37 98 51 72 63 96 74 21 34 13 19 3 64 28 43 11 71 10 47 73 81 36 91 4 40 14 17 85 23 26 77 2 60 1 7 38 89 70 22 54 32
TEST 40 ARG:11 54 52 74 31 6 24 85 13 45 76 9 35 58 71 63 20 7 10 66 0 98 25 87 46 59 96 40 61 93 94 38 69 42 47 91 68 84 95 62 19 88 8 16 99 22 33 37 92 23 14 56 77 79 53 1 32 5 83 80 43 36 30 65 49 41 73 97 34 17 89 21 4 60 82 39 70 27 55 67 51 2 12 28 29 44 15 26 78 57 75 18 90 81 3 64 50 48 72 86
TEST 41 ARG:35 86 23 36 17 38 22 77 89 47 76 26 74 79 2 95 25 94 20 85 12 10 97 51 57 84 68 19 73 71 7 0 6 53 83 52 78 45 55 3 46 15 70 92 50 39 31 37 98 67 33 5 43 42 48 93 16 99 96 69 54 30 44 18 41 81 87 24 61 64 66 90 1 63 75 40 27 14 11 49 34 88 32 72 60 58 9 29 4 91 82 59 21 65 28 8 13 56 80 62
TEST 42 ARG:40 99 23 61 91 12 36 59 87 39 56 52 1 85 54 11 57 84 94 24 34 15 49 51 72 31 48 78 22 25 95 88 97 43 67 32 90 69 80 9 17 29 64 93 38 71 77 60 46 4 35 19 83 7 2 68 65 74 8 10 21 81 66 79 47 96 5 37 62 82 58 44 89 92 26 0 63 53 98 20 13 50 75 28 73 27 45 86 14 42 3 55 70 16 41 33 76 30 6 18
TEST 43 ARG:12 58 54 81 32 75 34 47 44 27 63 68 73 14 62 82 18 59 20 25 42 77 92 53 43 1 86 8 95 84 35 16 4 24 9 6 74 5 66 13 15 98 70 88 40 48 99 26 85 94 3 19 60 31 56 49 64 96 79 52 78 37 57 93 36 29 69 90 28 83 7 46 76 67 38 61 17 91 41 72 10 51 55 33 89 39 2 23 80 50 22 65 0 45 97 71 87 11 30 21
TEST 44 ARG:30 45 23 41 48 99 91 88 96 49 21 84 34 27 92 50 62 46 94 85 57 77 87 11 35 78 10 6 59 22 70 79 80 1 4 17 82 55 24 53 89 2 40 26 68 33 75 5 12 15 14 8 47 29 93 71 61 69 18 28 31 63 9 13 64 60 65 72 52 74 51 97 19 3 42 90 32 98 39 20 43 36 38 44 66 76 37 81 54 83 16 0 58 86 56 25 73 95 7 67
TEST 45 ARG:87 73 83 81 67 4 68 89 36 94 7 75 23 47 39 58 34 18 27 42 1 79 69 97 40 78 50 56 62 44 82 10 66 6 28 95 13 85 48 51 33 88 8 91 12 3 31 41 22 29 21 26 99 65 60 74 11 64 77 59 70 54 25 61 17 49 71 16 55 72 37 93 19 96 53 57 52 14 38 46 90 9 45 30 92 2 86 84 15 32 98 20 63 80 35 0 43 24 5 76
TEST 46 ARG:45 71 27 72 82 78 10 13 57 55 21 39 36 14 84 80 31 58 68 9 87 22 19 56 59 61 63 38 5 1 0 49 62 43 33 70 44 93 88 97 42 94 12 65 77 83 16 15 73 92 91 99 69 51 37 26 60 7 11 79 64 90 8 34 35 75 4 74 6 3 29 24 46 50 48 47 41 54 96 18 32 76 81 95 86 25 85 28 52 89 53 23 2 66 17 98 20 30 67 40
TEST 47 ARG:26 92 89 28 70 44 16 38 50 11 88 37 64 65 13 48 41 98 18 67 34 71 52 51 2 86 60 82 79 10 14 56 15 4 55 57 3 49 58 8 61 9 91 47 69 81 75 74 32 62 76 63 33 96 93 19 7 87 12 24 29 20 83 25 43 99 72 73 94 59 42 39 78 36 17 85 68 84 23 5 30 46 95 77 6 27 22 54 90 31 80 1 40 45 0 21 35 66 53 97
TEST 48 ARG:26 59 85 21 92 41 42 87 11 0 20 76 31 39 60 22 37 14 69 65 44 33 35 78 17 94 63 32 28 29 56 2 54 18 89 45 15 1 90 61 91 23 75 71 9 12 86 88 84 30 7 97 67 40 6 49 73 74 13 43 57 79 55 62 77 36 81 50 58 83 82 99 96 4 5 10 70 72 93 8 3 46 66 16 24 27 68 34 53 95 64 80 47 98 38 19 51 48 25 52
TEST 49 ARG:99 58 4 79 48 44 20 9 41 94 26 24 19 27 36 17 54 38 73 7 33 46 68 97 93 0 12 56 25 11 66 51 47 45 92 61 37 60 1 72 89 3 32 96 78 18 50 23 40 22 69 86 80 87 21 84 43 64 53 39 34 85 65 95 10 77 31 6 82 88 75 2 63 49 52 71 83 81 5 35 74 29 70 42 62 14 55 90 8 16 98 67 76 91 15 13 28 59 30 57
TEST 50 ARG:63 68 70 27 94 39 62 80 5 10 76 59 23 66 54 60 29 41 69 67 56 15 83 65 28 91 42 86 17 93 89 77 57 19 6 16 34 51 40 37 47 49 81 14 44 79 73 46 20 97 48 32 30 53 99 98 95 9 74 3 64 87 75 4 88 1 50 92 72 52 31 84 36 2 8 35 26 55 61 7 78 85 11 0 90 22 82 43 71 96 58 12 25 13 24 38 45 18 33 21
TEST 51 ARG:89 80 78 61 72 94 8 53 92 16 24 13 31 75 65 59 26 37 14 19 41 88 49 51 12 64 60 98 28 67 87 47 74 50 15 32 46 71 29 99 96 39 69 42 56 90 48 62 22 10 52 82 30 76 58 40 97 55 81 35 2 79 66 9 18 85 33 0 38 54 4 7 73 84 25 68 83 44 77 27 86 43 3 6 95 57 5 21 1 63 23 17 93 34 20 70 11 91 36 45
TEST 52 ARG:46 62 89 31 82 84 49 14 28 36 17 97 77 93 55 33 12 63 16 34 96 42 75 69 81 47 99 74 87 67 78 9 2 51 60 92 91 70 1 53 20 72 27 45 8 83 22 66 48 10 15 4 90 24 56 61 23 98 6 7 94 5 59 76 40 43 73 65 79 3 54 39 18 29 58 52 44 25 21 85 38 13 80 68 35 32 64 26 50 11 95 41 88 19 71 37 57 0 86 30
TEST 53 ARG:94 98 50 66 10 3 18 17 57 56 51 37 87 61 96 58 90 2 49 71 59 40 27 43 73 88 0 24 53 7 4 6 20 82 16 99 42 60 70 30 48 54 97 23 65 84 12 39 95 34 72 47 68 75 26 74 22 41 78 80 79 67 8 81 33 55 28 64 11 52 19 44 38 36 1 62 32 45 5 77 83 21 25 93 14 89 15 69 63 91 9 29 86 85 35 76 31 46 92 13
TEST 54 ARG:29 24 1 70 85 83 64 96 3 78 18 23 48 92 65 94 57 22 16 54 26 52 66 95 81 86 63 31 40 2 32 74 72 44 9 84 27 62 5 67 68 8 75 55 17 99 53 91 34 0 50 89 77 6 43 59 79 93 42 38 39 69 90 28 30 10 37 36 49 47 46 73 51 21 45 71 14 11 15 87 76 56 13 58 82 97 25 60 33 98 4 19 80 41 7 88 12 35 61 20
TEST 55 ARG:52 55 11 10 30 3 75 32 51 77 14 94 16 38 98 69 25 24 92 81 23 71 87 43 54 78 21 86 65 42 41 70 73 36 50 31 72 85 64 44 84 7 63 97 4 61 15 60 45 35 47 88 27 57 68 74 59 46 89 13 83 1 20 49 5 8 39 29 95 37 99 58 0 48 79 93 66 96 12 22 9 80 40 28 53 56 18 62 17 67 90 2 19 82 76 6 26 91 33 34
TEST 56 ARG:68 60 13 80 52 18 25 54 8 83 42 43 34 10 47 77 12 24 63 56 97 9 79 29 90 40 46 89 55 5 15 61 53 45 23 48 41 70 88 32 14 76 59 65 62 58 22 93 19 38 37 99 72 87 11 86 36 85 33 66 51 57 26 44 16 98 30 7 84 0 95 20 81 21 82 17 75 4 64 39 67 78 28 2 6 73 50 35 3 1 71 31 69 49 94 27 92 96 91 74
TEST 57 ARG:49 47 85 16 92 95 5 70 86 17 97 57 9 72 31 3 80 87 82 21 84 59 1 20 18 58 6 7 94 54 15 32 96 69 51 40 78 83 65 81 90 24 41 76 36 39 60 43 56 11 4 50 61 62 26 37 22 38 42 35 52 55 98 27 64 93 14 45 91 53 46 19 74 73 30 23 12 2 77 66 79 13 89 71 75 63 8 25 48 29 34 67 99 33 44 88 0 68 28 10
